id,userid,name,lastname,number
561,1,Anil,Singh,12543
562,2,Zafar,Ali,765454
563,3,Sumit,Singh,5442
564,4,Raj,Singh,65432
565,5,Husain,Ali,543
566,6,Singa,Singh,543
567,7,Rinku,Singh,5432
568,8,Ahmad,Ali,543
569,9,Sima,Singh,543
